function R = wedge(v)
    G1 = [0, 0, 0;
          0, 0,-1;
          0, 1, 0];
      
    G2 = [0, 0, 1;
          0, 0, 0;
         -1, 0, 0];
     
    G3 =[0, -1, 0;
         1,  0, 0;
         0,  0, 0];
     
    R = G1*v(1) + G2*v(2) + G3*v(3);   
end